   -0.16794595
    0.34940268
    0.10864790
    0.07231834
   -0.25876956
   -0.26581810
   -0.08922746
   -0.08794997
   -0.17760239
    0.02575358
    0.23708285
    0.06596507
    0.23124787
   -0.12871074
   -0.02523070
   -0.02496066
    0.17998031
    0.24371039
    0.11450772
    0.14165740
    0.09142107
    0.12128533
   -0.28097437
   -0.25242761
   -0.27932515
   -0.15737728
   -0.11677743
   -0.19316380
    0.25725216
    0.25567615
    0.10916699
   -0.31269548
   -0.32557630
   -0.28356092
    0.05508254
    0.03678650
    0.16478467
   -0.07149738
    0.06010550
   -0.10598076
   -0.22932058
   -0.02627580
    0.17169073
    0.17388728
    0.17802674
    0.14669506
    0.17572176
    0.09331182
