   -0.19599405
    0.35956111
    0.13656061
    0.12035119
   -0.39196913
   -0.14719910
   -0.25856192
   -0.01269528
   -0.24046893
    0.00104117
    0.25114011
    0.16667092
    0.18430493
   -0.02583931
   -0.12546715
   -0.05835098
    0.15451863
    0.10131093
    0.15303620
    0.11439320
    0.11307902
    0.13645673
   -0.24122350
   -0.15090112
   -0.24834591
   -0.14968677
   -0.17349576
   -0.16145787
    0.25816261
    0.26272478
    0.11230915
   -0.31068592
   -0.30819381
   -0.29586554
    0.06051179
   -0.03638372
   -0.02000844
   -0.00455388
    0.05351077
    0.14791872
   -0.22164228
   -0.20613112
    0.17767443
    0.17882030
    0.17411807
    0.14836088
    0.16119721
    0.11153075
   -0.09568405
   -0.00443344
    0.01827175
    0.16599133
   -0.04747875
   -0.03472338
    0.01337991
   -0.07947000
    0.15736388
   -0.04440586
    0.01640281
    0.00803014
    0.09033356
   -0.22624120
    0.04364640
   -0.06449691
    0.09642213
    0.13488432
   -0.19892588
   -0.30659394
    0.32246553
   -0.34761154
    0.16314541
   -0.02964267
   -0.01610973
    0.04622745
   -0.06213634
   -0.06914345
    0.04516474
   -0.02332030
   -0.26139619
   -0.25545169
    0.05940784
    0.06563930
   -0.07076112
   -0.06102242
    0.00364535
   -0.19726111
    0.00279867
    0.14680947
   -0.06342526
   -0.26014024
   -0.36584251
   -0.22344914
    0.06882319
    0.06022019
    0.04903264
    0.04050988
    0.07296677
    0.05303366
    0.06103964
    0.06939285
    0.04070724
    0.03778046
    0.02659139
    0.04406717
    0.04642688
    0.04200588
    0.08069631
    0.07522862
    0.14501573
    0.08047049
    0.06652657
    0.04623341
    0.04193019
    0.03863292
    0.04267269
    0.04079597
    0.04158792
    0.04070172
    0.04744586
    0.04896605
    0.03685097
    0.05970248
    0.30893871
